1   17  17  2   10  6   7   8   9   11  0   13  14  16  0   0
2   0   0   3   4   0   0   0   0   0   0   0   0   0   0   div
3   3   18  3   3   3   3   3   3   3   3   3   3   3   3   0
4   4   4   4   5   4   4   4   4   4   4   4   4   4   4   0
5   4   4   18  5   4   4   4   4   4   4   4   4   4   4   0
6   0   0   0   0   0   0   0   0   0   0   0   0   0   0   lparen
7   0   0   0   0   0   0   0   0   0   0   0   0   0   0   rparen
8   0   0   0   0   0   0   0   0   0   0   0   0   0   0   plus
9   0   0   0   0   0   0   0   0   0   0   0   0   0   0   minus
10  0   0   0   0   0   0   0   0   0   0   0   0   0   0   times
11  0   0   0   0   0   0   0   0   0   12  0   0   0   0   0
12  0   0   0   0   0   0   0   0   0   0   0   0   0   0   assign
13  0   0   0   0   0   0   0   0   0   0   0   15  0   0   0
14  0   0   0   0   0   0   0   0   0   0   15  14  0   0   number
15  0   0   0   0   0   0   0   0   0   0   0   15  0   0   number
16  0   0   0   0   0   0   0   0   0   0   0   16  16  0   id
17  17  17  0   0   0   0   0   0   0   0   0   0   0   0   whitespace
18  0   0   0   0   0   0   0   0   0   0   0   0   0   0   comment